-9 10 2
-10 10 2
-9 9 3
-10 11 3
-10 11 4
-11 11 3
-11 12 4
-12 12 3
-11 12 5
-13 11 5
-13 13 5
-14 14 5
-15 13 6
-14 14 6
-14 14 6
-14 14 7
-16 15 7
-16 15 7
-17 15 8
-16 16 8
-17 15 9
-18 16 9
-18 16 9
-19 16 11
-20 17 10
-21 17 11
-20 17 11
-21 17 12
-22 17 11
-22 18 12
-22 18 12
-23 18 14
-23 18 15
-24 19 14
-25 17 14
-25 16 14
-25 16 15
-25 15 14
-25 16 13
-24 15 12
-23 14 13
-24 14 12
-25 13 12
-23 13 11
-24 13 11
-23 12 12
-23 12 10
-22 11 10
-22 12 10
-22 11 10
-21 11 9
-21 10 10
-21 9 8
-20 10 8
-20 10 7
-20 8 7
-19 9 8
-20 9 6
-19 8 6
-18 8 7
-18 8 5
-17 7 5
-17 7 5
-16 8 5
-16 6 4
-16 6 4
-14 6 4
-15 6 3
-15 6 3
-14 5 4
-12 5 3
-13 5 2
-12 5 3
-12 4 1
-11 4 1
-10 4 1
-10 4 0
-10 3 0
-9 2 1
-7 3 1
-8 2 1
-7 2 0
-8 2 0
-5 2 0
-5 1 0
-5 0 0
-4 1 0
-3 0 -1
-2 0 0
-1 -1 0
-1 -1 0
1 -1 1
2 -1 -1
3 -1 -1
3 -2 1
5 -2 0
5 -1 0
7 -2 0
6 -2 0
7 -4 1
8 -4 1
10 -3 1
10 -3 1
11 -3 2
11 -3 2
12 -3 2
14 -3 3
14 -4 3
14 -5 3
16 -4 3
15 -4 4
16 -5 4
17 -3 5
19 -4 5
18 -4 6
19 -4 6
20 -4 7
20 -4 7
21 -4 7
21 -4 7
22 -4 8
23 -4 10
25 -4 9
24 -3 9
25 -3 9
25 -3 11
26 -3 11
27 -3 12
28 -3 12
28 -3 13
28 -3 12
28 -3 13
28 -3 14
29 -2 14
29 -1 14
30 0 14
29 1 15
29 1 14
28 2 13
29 2 13
27 2 12
28 2 12
26 2 13
27 2 11
25 2 10
25 2 10
24 2 10
24 3 10
24 3 9
23 3 10
22 3 7
21 3 9
21 2 7
20 3 7
20 3 6
18 3 6
18 3 6
19 3 5
16 3 5
16 3 3
15 4 4
15 3 3
15 3 3
13 3 3
13 2 4
13 2 1
12 2 2
11 2 2
11 2 2
9 2 1
10 2 1
8 2 1
8 2 1
7 1 0
6 1 0
5 0 0
5 1 0
3 1 0
3 0 1
2 0 -1
1 -1 0
0 0 0
-1 -2 0
-3 -1 0
-3 0 0
-3 -2 1
-4 -2 -1
-5 -2 0
-6 -3 0
-6 -3 0
-8 -3 0
-8 -2 0
-7 -3 1
-8 -4 1
-9 -4 2
-9 -4 1
-10 -5 1
-11 -5 1
-10 -5 2
-11 -5 2
-12 -6 2
-13 -6 2
-12 -6 3
-15 -6 3
-15 -7 3
-14 -7 3
-14 -7 4
-16 -6 4
-16 -8 4
-16 -8 4
-17 -8 4
-17 -10 5
-18 -9 5
-18 -9 6
-19 -10 6
-19 -10 6
-18 -10 7
-20 -11 7
-21 -11 7
-19 -11 8
-21 -12 8
-21 -11 8
-20 -12 9
-22 -12 9
-22 -13 10
-22 -12 10
-23 -13 11
-22 -13 11
-22 -14 11
-24 -14 12
-25 -14 12
-23 -15 12
-24 -15 13
-24 -16 12
-25 -16 13
-25 -15 14
-25 -17 15
-25 -18 15
-24 -18 14
-23 -19 14
-23 -19 13
-23 -19 13
-21 -19 13
-21 -19 12
-22 -19 12
-21 -19 12
-21 -18 11
-20 -18 11
-19 -19 10
-19 -17 10
-18 -18 10
-18 -18 9
-17 -17 10
-17 -17 8
-17 -16 8
-16 -17 8
-16 -16 8
-15 -15 7
-14 -15 6
-14 -15 6
-14 -14 5
-14 -14 4
-13 -13 5
-13 -13 4
-12 -13 4
-12 -14 4
-11 -12 4
-11 -12 2
-9 -12 3
-10 -11 2
-8 -11 3
-9 -10 3
-8 -10 2
-8 -10 2
-7 -10 1
-7 -8 0
-6 -7 1
-6 -7 1
-5 -8 1
-5 -6 0
-4 -4 0
-5 -4 0
-3 -4 -1
-3 -2 0
-2 -3 1
-2 -3 0
-1 -2 1
0 2 0
2 1 0
1 3 0
1 2 0
2 2 0
2 4 -1
4 4 0
3 5 0
3 6 0
4 7 0
4 6 0
4 7 1
5 7 1
5 8 2
4 9 1
5 9 3
6 8 2
6 9 2
6 11 3
6 12 3
8 11 3
7 12 2
7 12 3
7 13 3
7 14 4
8 14 3
9 15 4
7 15 5
8 15 5
8 16 6
9 16 6
9 17 5
9 18 5
10 18 7
9 19 8
9 19 8
9 20 7
11 20 8
10 20 8
10 20 9
10 22 10
10 22 10
10 23 11
10 24 11
10 23 11
10 25 12
11 25 12
10 25 13
10 26 13
11 27 13
10 27 14
9 28 14
9 28 13
8 29 14
7 28 14
6 27 13
6 26 13
6 27 12
6 26 12
5 26 12
4 26 11
6 25 11
5 25 10
5 24 11
4 24 10
4 23 9
4 22 8
4 21 8
4 22 8
3 21 8
3 21 8
3 20 6
3 20 6
2 20 6
3 19 6
2 18 7
2 18 5
1 17 5
2 17 4
2 16 5
1 17 4
1 15 4
1 15 3
0 14 3
1 13 4
1 13 2
1 11 2
0 11 2
0 9 2
0 10 2
0 9 1
0 8 0
1 7 1
1 7 0
0 6 0
0 6 0
0 4 1
0 3 1
0 2 -1
0 -3 0
-1 -3 0
0 -4 0
0 -5 1
-1 -6 0
0 -7 0
0 -8 -1
0 -8 1
-1 -9 1
0 -11 1
1 -11 1
1 -11 2
1 -12 2
0 -12 2
1 -12 2
1 -14 2
1 -14 3
1 -15 2
1 -16 3
2 -16 4
0 -17 4
2 -17 4
2 -17 4
3 -18 5
3 -19 5
1 -19 6
2 -20 7
2 -21 6
3 -21 6
3 -21 7
3 -22 9
3 -23 8
4 -23 7
4 -23 10
5 -24 9
4 -24 9
5 -25 10
5 -25 10
5 -26 9
6 -26 11
6 -27 11
5 -28 12
7 -27 12
6 -28 12
6 -27 13
8 -28 13
7 -28 14
8 -29 13
9 -29 15
9 -28 13
10 -28 15
10 -27 13
10 -27 13
10 -26 13
10 -26 12
10 -25 12
10 -25 11
10 -24 11
10 -24 9
9 -23 10
10 -24 9
10 -22 9
10 -20 9
10 -21 9
9 -21 7
9 -20 9
9 -19 7
9 -19 6
9 -19 6
9 -17 6
10 -17 6
8 -17 5
8 -17 5
8 -16 4
9 -16 4
8 -14 4
7 -14 4
7 -15 4
7 -14 3
7 -14 3
7 -13 3
6 -12 4
6 -12 2
6 -12 2
7 -10 2
5 -11 2
5 -11 1
5 -9 1
5 -8 1
4 -8 1
4 -7 1
4 -7 1
3 -7 0
3 -5 0
3 -5 1
2 -5 0
1 -4 0
1 -3 0
1 -3 1
1 -3 0
-1 1 0
-2 2 0
-2 2 0
-4 2 0
-3 3 1
-5 3 0
-5 4 0
-4 5 0
-5 7 1
-6 6 1
-6 6 1
-6 7 1
-7 8 2
-8 9 1
-8 8 1
-8 10 2
